inherited Form1_NmXhdpiPh: TForm1_NmXhdpiPh
  ClientHeight = 615
  ClientWidth = 400
  DesignerMasterStyle = 3
  inherited Button1: TButton
    Position.X = 40.000000000000000000
    Position.Y = 16.000000000000000000
    Size.Height = 33.000000000000000000
    OnClick = Button1Click
  end
  inherited Memo1: TMemo
    Position.Y = 48.000000000000000000
    Size.Width = 305.000000000000000000
    Size.Height = 65.000000000000000000
    Viewport.Width = 305.000000000000000000
    Viewport.Height = 65.000000000000000000
  end
  inherited Memo2: TMemo
    Position.Y = 152.000000000000000000
    Size.Width = 305.000000000000000000
    Size.Height = 65.000000000000000000
    Viewport.Width = 305.000000000000000000
    Viewport.Height = 65.000000000000000000
  end
  inherited Button2: TButton
    Position.X = 40.000000000000000000
    Position.Y = 120.000000000000000000
    Size.Width = 169.000000000000000000
    OnClick = Button2Click
  end
end
